1, 1.;
2, 0.1;
3, 0.514599;
4, 0.198397;
5, 0.;
6, 1.;
7, 0.;
8, 0.333333;
9, 0.198397;
10, 0.5;
11, 1.;
12, 0.;
13, 0.634363;
14, 0.198397;
15, 0.5;
16, 1.;
17, 0.2;
18, 0.799313;
19, 0.198397;
20, 0.5;
21, 0.;
22, 0.2;
23, 0.832117;
24, 0.198397;
25, 0.5;
26, 0.;
27, 0.;
28, 0.;
29, 0.;
30, 0.5;
31, 0.;
32, 0.;
33, 0.;
34, 0.;
35, 0.5;
36, 0.;
37, 0.;
38, 0.;
39, 0.;
40, 0.5;
41, 0.;
42, 0.;
43, 0.;
44, 0.;
45, 0.5;
46, 0.;
47, 0.;
48, 0.;
49, 0.;
50, 0.5;
51, 0.;
52, 0.5;
53, 0.583333;
54, 0.594225;
55, 0.5;
56, 0.;
57, 0.605871;
58, 0.;
59, 0.333333;
60, 0.;
61, 0.;
62, 1.;
63, 0.;
64, 0.24812;
65, 0.;
66, 0.5;
67, 0.583333;
68, 0.354224;
69, 0.5;
70, 0.325258;
71, 0.605871;
72, 0.5;
73, 0.;
74, 0.;
75, 0.;
76, 1.;
77, 0.463504;
78, 0.24812;
79, 0.;
80, 0.5;
81, 0.583333;
82, 0.354224;
83, 0.5;
84, 0.325258;
85, 0.605871;
86, 0.5;
87, 0.;
88, 0.;
89, 0.;
90, 1.;
91, 0.463504;
92, 0.24812;
93, 1.;
94, 0.5;
95, 1.;
96, 0.;
97, 1.;
98, 0.;
99, 0.;
100, 0.49;
101, 1.;
102, 1.;
103, 0.;
