1, 0.5;
2, 0.;
3, 0.185629;
4, 1.;
5, 0.696629;
6, 0.571429;
7, 0.035294;
8, 0.187184;
9, 0.5;
10, 0.24;
11, 0.555871;
12, 0.5;
13, 0.185629;
14, 0.36527;
15, 1.;
16, 0.873933;
17, 0.514622;
18, 0.102522;
19, 0.667184;
20, 0.5;
21, 0.400257;
22, 0.605871;
23, 0.5;
24, 0.36527;
25, 0.80597;
26, 1.;
27, 0.797753;
28, 0.539123;
29, 0.168772;
30, 0.457184;
31, 0.5;
32, 0.3725;
33, 0.545872;
34, 0.5;
35, 0.80597;
36, 1.;
37, 1.;
38, 0.651685;
39, 0.535088;
40, 0.369748;
41, 0.267184;
42, 0.5;
43, 0.407757;
44, 0.605871;
45, 0.;
46, 0.797666;
47, 1.;
48, 1.;
49, 0.833333;
50, 0.666667;
51, 0.333333;
52, 0.177184;
53, 0.5;
54, 0.325258;
55, 0.605871;
56, 0.;
57, 0.797666;
58, 1.;
59, 1.;
60, 0.833333;
61, 0.666667;
62, 0.333333;
63, 0.177184;
64, 0.5;
65, 0.325258;
66, 0.605871;
67, 1.;
68, 0.54;
69, 0.666667;
70, 0.;
71, 1.;
